time,x,y,z,phi,theta,psi,x_velocity,y_velocity,z_velocity,phi_velocity,theta_velocity,psi_velocity,rotor_speed1,rotor_speed2,rotor_speed3,rotor_speed4
0.06,-2.1899269423119534e-06,2.2411442351552156e-05,10.005901693018721,0.004736078280503264,0.00037393943015917586,0.0,-0.00012580920517920466,0.0013271880575421785,0.1967080584801777,-0.02506982516047033,-0.008005278174036571,0.0,467.3364444365658,466.71221688969723,467.10895266393237,465.15024748080424
0.12000000000000001,-2.293463703624474e-05,0.00021123400713911558,10.02437959988724,0.003318146656399179,0.0010726866921944023,0.0,-0.0006654150699051938,0.004801855384098896,0.41916714629556084,-0.029703771733810724,-0.02116052636292888,0.0,475.58144056957076,474.57304740037705,473.56557586689826,473.2089491888228
0.18,-8.141905965693414e-05,0.0005880507600890218,10.053825299491942,0.007632993071478467,6.282990402947923,0.0,-0.001149322135868864,0.008198166436739951,0.5622940958896631,-0.003828232921039832,-0.023658713716600627,0.0,450.2602404893332,450.05810915768245,449.96505545470774,452.05457698806157
0.23999999999999996,-0.0001515008314332452,0.0012470876688291433,10.091891318195186,0.007507089905081976,0.0014199470406275339,0.0,-0.001342593166071336,0.013752711665611372,0.7064946996268627,-0.001300610883401975,-0.005739010635494263,0.0,450.8045517471309,452.25005079217937,450.4952243943635,450.6995892007365
0.3,-0.00026301106749910993,0.0022157782145320946,10.135648352762955,0.007610543572084794,0.0023221538746582837,0.0,-0.002471800744531688,0.0185521058046296,0.7520436261248757,-0.007319144793276219,-0.019228264163704174,0.0,420.567773883104,419.39806120303484,419.87777564248483,419.35544232540616
0.36000000000000004,-0.00045770265147661,0.0034944007091088822,10.185092213077231,0.00718178178810458,0.0011910842489326612,0.0,-0.003894059906111649,0.024020847647176168,0.8959834453074856,-0.0068801057456544966,-0.018389871402011787,0.0,450.85553376819615,450.923311624303,451.55186711054785,451.5873901881059
0.4200000000000001,-0.000713907321656469,0.0050943755195833286,10.243151088643035,0.007290017651380154,0.00022100076077080644,0.0,-0.004546647573646087,0.029332455313890966,1.03919273656794,-0.01607791775520935,-0.023765730559113962,0.0,451.64464444923397,451.21093831254666,451.41233710938764,450.66972067080167
0.48000000000000015,-0.0009872012989613334,0.007054412842665015,10.315239809674797,0.007543290070012532,6.282205027877065,0.0,-0.004409584337947179,0.0360191162699439,1.3634356700236154,-0.00512910982848783,-0.03029499012389153,0.0,504.3789640952589,503.9072034804899,503.74017812924717,504.5313298601629
0.5400000000000001,-0.001253211668426878,0.009383214675452188,10.400930422633998,0.009060387559499894,0.004189018102953135,0.0,-0.0050394306093744885,0.04175312745527651,1.4927562159229304,0.008517535198018329,-0.0604758883834351,0.0,449.0732153568148,446.6177017699469,447.49997615672544,448.60934858588877
0.6000000000000002,-0.0016508759805401896,0.01208336960701991,10.493971290413118,0.00984660968857387,0.005504296548568988,0.0,-0.00837956112825964,0.048339933043402714,1.6084485139527638,0.0014472731122782147,-0.08606279279087352,0.0,444.5378768936557,442.43274449913787,444.91827314764305,444.3389853965786
0.6600000000000003,-0.0022828769912163465,0.01523692055571353,10.596470585331117,0.014109820302804721,0.005666124499182246,0.0,-0.01267660272582211,0.05730039054847422,1.807894636053554,-0.02217154646928675,-0.06195492463105421,0.0,468.32171886032484,470.1884365863494,471.4299711833836,469.60165066253455
0.7200000000000003,-0.003150534489718017,0.01895932084381593,10.706715570640633,0.01659737712539222,0.005112167757354236,0.0,-0.016174185857527813,0.06703858398385305,1.8668397124117164,-0.04480955661414075,-0.04363496955253949,0.0,425.68185471417206,427.24428708422187,428.395667961651,426.46616496160294
0.7800000000000004,-0.00427179569451903,0.023320175173701545,10.821756139396987,0.015549203419826796,0.01752642274458527,0.0,-0.02242582263308074,0.07819994601084494,1.9676681475419882,-0.03192827810153311,-0.00234602012097199,0.0,438.8764160745721,442.2894866317449,440.0880892959328,441.1520572334685
0.8400000000000004,-0.00592136377662003,0.028275644520219436,10.93946437886421,0.013740015805780104,0.017618059810282638,0.0,-0.0325735788888633,0.08683202994746214,1.9559616410373493,-0.0368995882732889,-0.008961489201622562,0.0,404.04139379302717,403.4446335950794,404.2965792485907,403.8478633509227
0.9000000000000005,-0.008204383163269564,0.033735169121487815,11.057755205306524,0.011949464144674238,0.01806465221077147,0.0,-0.04355817760284179,0.09499449784896828,1.9870135014431383,-0.045328309589796875,0.0007726042180555338,0.0,418.0986578602582,418.9459246878452,418.5143069406157,417.77916268748135
0.9600000000000005,-0.011267715371802014,0.03972650504032512,11.183282914831295,0.013532106412800893,0.02151843725707625,0.0,-0.05897951425489677,0.10487357258639277,2.1968531040996084,-0.023775013178586338,-0.020684001709112797,0.0,475.5051547885545,473.8587637264415,472.93899875765374,474.5954356160476
1.0200000000000005,-0.01523110867829767,0.04628134628146565,11.317227445214602,0.012141248843711594,0.020977870064939452,0.0,-0.07308811153933074,0.11348191722747421,2.267828469355638,-0.022583996172876934,-0.03113055945862747,0.0,432.94959338953294,432.0696963593563,432.2241656418717,432.3244564337122
1.0800000000000005,-0.01998324856960172,0.053298104801077446,11.453107144703404,0.010985526459169392,0.021311947099623474,0.0,-0.08533276325798467,0.12030681987641319,2.2615078086599256,-0.018748377423939838,-0.01603130327123565,0.0,405.9481387166006,407.3005200405811,407.3016775525709,407.6445145524871
1.1400000000000006,-0.025574925173707786,0.06076083484026775,11.593351383313802,0.010948010211530246,0.020989266628492764,0.0,-0.10100639474012857,0.1284570321857636,2.412992783620506,-0.03143439499825021,-0.008391426980036379,0.0,456.91035099561805,457.5191199674835,458.9904295109599,457.9825294804863
1.2000000000000006,-0.03208689815841807,0.0686975273672088,11.742066352021903,0.009186173177079482,0.02055969690442616,0.0,-0.11600584246741094,0.13591381565520233,2.5438932183497003,-0.03667777142291364,-0.006380510012652884,0.0,451.9744837674838,452.13663517389875,452.55022730243087,452.12757920072954
1.2600000000000007,-0.039571320498899505,0.07709764975302044,11.90246509567371,0.011402232009017688,0.020653075934609078,0.0,-0.13348571266187245,0.144392960505533,2.802130294539924,-0.06093115728132216,-0.015234588654607258,0.0,491.1290111425312,490.472016161301,490.95848477874284,489.1547556397736
1.3200000000000007,-0.047988570328664854,0.08596487882642323,12.071844115563248,0.008244556854101859,0.02515413358977625,0.0,-0.1475322314007983,0.15087846237120028,2.8437266633940586,-0.05430691841879773,-0.04195441036401441,0.0,426.702864934184,424.4155421855598,425.6869038594431,426.2508046524313
1.3800000000000008,-0.057477160815612875,0.0952197804208597,12.250522852716102,0.006523614204173356,0.022836343428505934,0.0,-0.16845184373099836,0.15737844829506253,3.1115505119322475,-0.04187131119896179,-0.0481922520853511,0.0,494.0935784798085,493.6326031047845,494.7787973177648,495.6921638474395
1.4400000000000008,-0.06802314836279215,0.10478104634345904,12.439195298511462,0.004052663363411924,0.020001041920645335,0.0,-0.18280711203478556,0.1610928514469706,3.177358359099786,-0.04560134808381766,-0.052254123336226914,0.0,436.09842898002734,435.7574196006848,434.9266559483362,434.61305562163113
1.5000000000000009,-0.07940665777039249,0.11452140446199909,12.633253036874539,0.0016466226695559527,0.018379744093314443,0.0,-0.1964564259964693,0.16332842712498388,3.290918079009666,-0.04039491804867586,-0.03992240795652348,0.0,450.1878402186094,451.1831825964937,450.6212338084845,451.0408617710132
1.560000000000001,-0.0916043610358432,0.12434831411472679,12.835634810798416,6.282777267766708,0.017212564223792803,0.0,-0.20998359412832088,0.16399907242454814,3.4546643716514853,-0.034833131434845205,-0.02892340157266534,0.0,466.33424483594274,467.19210544548605,466.3847142886839,466.8182705567821
1.620000000000001,-0.10453627915889675,0.1341722581672806,13.04478505847698,6.2807880927819735,0.015910280008028188,0.0,-0.2209607306282862,0.16327843845584697,3.5168240168505234,-0.03971271928361484,-0.03743209412049459,0.0,436.4791011547789,435.76799990085283,436.63754001268387,436.2296159114895
1.680000000000001,-0.11813042998832994,0.14391253287833541,13.259331070878885,6.2794594989964505,0.015663483821322544,0.0,-0.23213180018570967,0.16127236385315577,3.634344075989584,-0.05222405221462832,-0.02309726158293873,0.0,453.3009092136573,454.4510309274456,454.702040681991,453.69754109967045
1.740000000000001,-0.1323061389676228,0.15352225336011294,13.475157031951897,6.276585872109919,0.01769753115601702,0.0,-0.24053630847261961,0.15883634364120913,3.560086094038759,-0.05913565233545415,-0.004003813711746273,0.0,391.24506894075495,393.0188916606095,391.217495026216,390.57092793403876
1.8000000000000012,-0.14707479031932963,0.16291560261165783,13.690001707124454,6.273387897095221,0.017773887367544816,0.0,-0.2517646205560131,0.15398468179629488,3.6012726121511798,-0.06692848267640925,-0.011483129599203721,0.0,429.848074844728,429.2138492736946,431.2525155064454,430.59086504394804
1.8600000000000012,-0.16254168456020968,0.171957079448907,13.907630954902618,6.270920074856592,0.023281032593443385,0.0,-0.2642922408307651,0.14717971920848083,3.6528573955030783,-0.08181056733047203,0.01461115544175161,0.0,432.03045453817845,434.22517546936456,435.2559711529375,434.0044912430306
1.9200000000000013,-0.1788724565033401,0.18055592348598548,14.12889035838907,6.274610379732348,0.026315343777555178,0.0,-0.2803740983465359,0.1397824532806512,3.722223359464424,-0.05086580879892653,-0.002724415228462039,0.0,440.3086442053785,438.87195146461795,439.02511804770916,441.5812929846453
1.9800000000000013,-0.19621811777496787,0.1887894454928503,14.35434792080052,6.279830800182507,0.026496200929906344,0.0,-0.297834686244432,0.13515181167539717,3.792795325068454,-0.02053628129552623,-0.010463381962184215,0.0,440.63046158843025,439.9902681740624,440.0801093757715,442.58265323970295
2.0400000000000014,-0.21477321314420095,0.19681021057258982,14.588688015255626,6.278587803832668,0.03497548986300014,0.0,-0.32162829166422663,0.13206196065127015,4.017741772581754,-0.02211295686573053,0.021416728276054176,0.0,486.2601162892187,488.64258883092134,488.1686792501489,488.0510593776036
2.1000000000000014,-0.2348434580142167,0.20464719314888516,14.833192234675678,6.281081393962872,0.043895691268945214,0.0,-0.3482617482899405,0.12945653606787658,4.131949418654456,-0.04475800807928599,0.05050955284416546,0.0,454.88753263841505,457.2118494790714,458.08658455338093,456.2818971055838
2.1600000000000015,-0.256629943994883,0.21236712443550027,15.083425860789909,6.279608113645224,0.04729388971433934,0.0,-0.3782719615207481,0.1277429684620403,4.208869587062245,-0.05807870766921188,0.0560587541352217,0.0,446.02501912772584,446.4797988564357,446.27408091887855,445.18385856571047
2.2200000000000015,-0.2802307526391354,0.2199524937117236,15.337077371682362,6.276475850477009,0.051589404810142625,0.0,-0.40880489019704297,0.12480740470009907,4.246016265075219,-0.05266572333540901,0.06550169480728625,0.0,434.1162987774959,434.910561736454,433.23977508721487,433.69246003639915
2.2800000000000016,-0.3057715723534174,0.22730892578026596,15.593477515978426,6.275736318883325,0.05572844767841101,0.0,-0.4429360478454217,0.12035579895555851,4.30042122100532,-0.07095086284775506,0.06945045804203624,0.0,440.5729862566024,440.90275357572546,439.7749547718747,438.25513603694657
2.3400000000000016,-0.33355078008278,0.23435503505682603,15.855021439972624,6.271480016125107,0.06096435363149144,0.0,-0.48354887802844204,0.11407571203829105,4.417219825834647,-0.07338860396485455,0.07963888965818365,0.0,460.92698274815234,461.7354406584699,458.36778644096444,458.1702023352427
2.4000000000000017,-0.36419819722332014,0.24089092917009472,16.128691873426938,6.271154136942885,0.06674537167393435,0.0,-0.5386970013642619,0.10379033658964631,4.703927824332855,-0.09674160555744288,0.08947302431066279,0.0,508.9484752140211,509.6565347266014,511.305693655826,509.6346943781354
2.4600000000000017,-0.3976544159617681,0.24690111039544638,16.409878805392797,6.265723578707206,0.07362593847001708,0.0,-0.5770965238676086,0.09610776564741645,4.669052862250242,-0.10474768765978434,0.07474831227831498,0.0,415.01670293471955,413.728540038203,415.62692861959613,414.9152770960176
2.520000000000002,-0.4334724317490344,0.2523704112297293,16.6882448697885,6.259442102456836,0.08007089761092967,0.0,-0.6173505097089942,0.08570433861949889,4.609994281292338,-0.10458901668188741,0.08893119606672437,0.0,404.8775081855709,406.15746180002174,407.22328996186934,407.2268223398481
2.580000000000002,-0.47197109047328767,0.25706953490889206,16.965077052610855,6.2542002075842476,0.08567057008430101,0.0,-0.66643710807873,0.07048276186641121,4.617641715505569,-0.11699039549476418,0.08197761941856416,0.0,429.6849444153486,429.10146394814416,427.99139300170606,426.9235031816089
2.640000000000002,-0.5136056979106112,0.2607524354579371,17.243180837875503,6.253122253443472,0.09712608586437987,0.0,-0.7224010977213784,0.05221638406485293,4.652215365568795,-0.14491981743807741,0.10881031376270776,0.0,436.3124063668584,438.5542833741462,438.59326309920147,436.2522519492096
2.700000000000002,-0.558463940822373,0.2634033932888757,17.519956900865445,6.246164368341425,0.10404734440786712,0.0,-0.7734248194896762,0.03560408024892762,4.5738758954204695,-0.1316321839044018,0.11457798495076855,0.0,400.61831191017427,401.15478717295485,398.7155922864808,399.9071200168236
2.760000000000002,-0.607010576811686,0.26478202139258505,17.796430995442993,6.239108896417363,0.12480829539080407,0.0,-0.846817445979019,0.009676884893558583,4.641343660898886,-0.12270696833766305,0.07253871643286888,0.0,450.0385456210375,446.631282632316,447.6394274864319,448.35022999392754
2.820000000000002,-0.6603424809994457,0.26446631267868626,18.077013316066974,6.233019096052843,0.1346779432692804,0.0,-0.9318617196061337,-0.020783762439718724,4.710905043324289,-0.11149178764433847,0.04557946061775338,0.0,449.3752807431465,447.18730340636745,451.2414242798969,452.13349807492466
2.880000000000002,-0.7190054022288973,0.26222005438183943,18.361869878200803,6.233378840194007,0.14828857808953266,0.0,-1.0248895488822911,-0.05405195910445921,4.78374263639298,-0.08358314021758395,0.008233146843853128,0.0,454.08555949907947,451.07983684953234,450.4785352565147,452.7210337575825
2.940000000000002,-0.7835071657372092,0.2579712116844391,18.651300924434366,6.2318847119999425,0.1491719630521402,0.0,-1.1252014019368513,-0.08767949413152208,4.863533418547579,-0.10537362293386834,0.013973433791320086,0.0,454.31104579413045,454.7710043761741,456.9833898350129,455.2361671701148
3.000000000000002,-0.8541957757093829,0.2516046815554942,18.94648982803766,6.225570979376968,0.15012148955753002,0.0,-1.231119605403201,-0.12516328075367925,4.975489578259879,-0.10499829308680646,0.00892966504322122,0.0,466.0818771609869,465.68733548139386,466.36608243910206,466.3862931708383
3.0600000000000023,-0.9309922403316824,0.24296250237171266,19.246607179978888,6.219719576412476,0.15091655685355754,0.0,-1.3288155015109675,-0.16345181953994947,5.028071037459927,-0.09876518296579338,0.0020240455724941527,0.0,449.3272705339505,448.76690077647714,448.67459440024095,449.1713487957835
3.1200000000000023,-1.0136140542562264,0.2319373449531532,19.54946337602465,6.213931129180745,0.1539898452619335,0.0,-1.4254931024394257,-0.2045742694678549,5.066803632284984,-0.09573057916184956,0.019683052720866116,0.0,444.8469759226297,446.29078706897803,445.0305026821752,445.2706919850231
3.1800000000000024,-1.1019039407768767,0.21842602287927115,19.853362325284607,6.208179312724122,0.15804740976514786,0.0,-1.5178479929811204,-0.24629143967155884,5.063001341196821,-0.0962357325035174,0.03710094739821239,0.0,432.6875539841644,434.15184016741614,431.26008607059043,431.2092631941447
3.2400000000000024,-1.1966981389615254,0.2019317709601205,20.16235457138765,6.208312891507163,0.16845590101844454,0.0,-1.643031781660438,-0.3033832722620095,5.235618744184276,-0.12408913440445528,0.004542709541455055,0.0,488.4599747782526,486.02572486497075,488.4936331676562,486.403175363814
3.3000000000000025,-1.2981700610440914,0.18251849157358288,20.475581453088044,6.2239292955764824,0.17214543794543502,0.0,-1.7396859839468228,-0.3424716058886573,5.205345292990877,-0.07266995540006863,0.023627599179992125,0.0,425.2857194183804,426.91746957103953,424.1208141240678,428.50440467068165
3.3600000000000025,-1.4056784837839094,0.16095288314274506,20.78798718010416,6.233976618553196,0.17481698836632376,0.0,-1.8441625459965667,-0.3754568327520602,5.208072774665704,-0.11546789503797658,0.03475255971731275,0.0,436.19136249379676,437.11979794399696,439.07600929829323,435.50372802420407
3.4200000000000026,-1.5195368659669823,0.1375320289938843,21.100684000109407,6.229810528749869,0.17894166068366957,0.0,-1.9514723714502833,-0.4055778798580975,5.214921030943367,-0.1349136826990116,0.0492425636702853,0.0,439.0112178631694,440.21291324376546,438.47240382068895,436.8398835512082
3.4800000000000026,-1.640107412578544,0.11216479549447071,21.414713278619338,6.221737116264219,0.18967491466957398,0.0,-2.0684725561351582,-0.44071232234313046,5.252157501713815,-0.13811736463827298,0.07861810330501998,0.0,448.3787511801278,450.76179456631354,448.6515245390624,448.3743834895376
3.5400000000000027,-1.767859419356862,0.08455535972329421,21.730799850428966,6.215969045474392,0.1943891203392356,0.0,-2.190341891126291,-0.4801222252969618,5.28363634474793,-0.12189071695728909,0.07637096805662723,0.0,448.0809001365867,447.9029220465985,448.0612503368573,449.3627362331203
3.6000000000000028,-1.9025598028729507,0.05463701896317542,22.046414708452264,6.210873522473792,0.2001036488381116,0.0,-2.300192452778749,-0.5175751812081679,5.236797216229289,-0.10673323532813138,0.06345244337501192,0.0,423.026069655772,421.9162870340797,424.02924394044214,425.3167059312676
3.660000000000003,-2.044084452621754,0.022343960218300808,22.35980335609069,6.205273467072514,0.20871555798410668,0.0,-2.4180188151518003,-0.5593181988779942,5.209249793924809,-0.09803874160181308,0.08629389932552854,0.0,429.6086824328144,431.54553290280097,429.5612778188646,430.2882961930037
3.720000000000003,-2.191538530026899,-0.012070100283251119,22.665488085708255,6.199466090712246,0.21404296007997825,0.0,-2.4976484942859773,-0.588197843619075,4.981071994913151,-0.09600900132669914,0.08949941815361101,0.0,356.88746594616094,357.22294885078617,358.0016145032105,358.1975224330449
3.780000000000003,-2.346665061436032,-0.049347987597933414,22.970304352959865,6.198270355446301,0.2218228998497045,0.0,-2.6739561535367926,-0.6543957913162813,5.178085048958819,-0.12064506151311782,0.0712507931139321,0.0,499.12118781369304,497.7922877601623,500.03542717224605,498.22903416881957
3.840000000000003,-2.5122817765400063,-0.0905468907360832,23.285709283978832,6.19153589752935,0.22680796544852377,0.0,-2.846996452565657,-0.7195525754685403,5.334202746129839,-0.11397491120629528,0.06074216246669297,0.0,490.60631708701,489.8283115032597,488.6965246927517,489.18233368552893
3.900000000000003,-2.688249269419057,-0.135725927301403,23.609618428104675,6.184868118401553,0.2410801474509805,0.0,-3.019872922256488,-0.7869921092772717,5.461367089995359,-0.11985835426536914,0.09527349239668137,0.0,481.87957175742054,484.48696504669425,484.2294916648938,483.77580090298045
3.960000000000003,-2.8731923162381436,-0.18440573191657772,23.934231588476404,6.17810674397003,0.2536263867533375,0.0,-3.1458822702311147,-0.836158982553789,5.358995781059504,-0.11377509706081321,0.12272627989921689,0.0,411.42163283650564,413.85617755196205,411.4521949471632,411.97687245309527
4.020000000000002,-3.0666306204411877,-0.23642155481881696,24.25551847915083,6.175434260368412,0.26143641448742816,0.0,-3.302730755335698,-0.897867342300159,5.350084600566778,-0.13733487462739924,0.12894274462834124,0.0,443.6226512713955,444.1470793287724,445.3501538161587,443.4050772400899
4.080000000000001,-3.26850132095363,-0.2917283300301008,24.57204422253277,6.173905765373679,0.2700683877998902,0.0,-3.42704975657641,-0.9458461901155147,5.2010386345449815,-0.1101309109373271,0.13817696019212955,0.0,395.2626361467033,396.13130938447495,396.1734937956993,398.65041605705784
4.14,-3.4797127195207205,-0.35063119108652196,24.885818310072317,6.16824667848255,0.28034361457398127,0.0,-3.614187439041607,-1.018028219621945,5.257058941636328,-0.10059410462320027,0.15245487996466325,0.0,465.62476659393445,466.7586328908201,465.02606066814525,465.763178384524
4.199999999999998,-3.7016149214576104,-0.4136624494797611,25.20027895533462,6.163610794370726,0.2919838214375119,0.0,-3.783532709652542,-1.0833455921041326,5.224345172822471,-0.08877884941966592,0.13391633053492255,0.0,439.9147020316328,438.3969813637123,438.91210325588105,439.8837155979514
4.259999999999997,-3.935607855245122,-0.48134313888664404,25.518392238800093,6.165402378635271,0.3001178813207197,0.0,-4.016856023073867,-1.1722749579928604,5.377892410757657,-0.11923078023284421,0.12906421358487513,0.0,498.9088385670012,498.5683898284998,500.5672760688455,498.33862233856445
4.319999999999996,-4.182313199837931,-0.5537779653933548,25.840846129210238,6.1582920556434395,0.31270530711838074,0.0,-4.207698469500263,-1.242729256522542,5.369627447875569,-0.12301317781913086,0.10372486562139913,0.0,452.36877444672393,450.33620355469264,453.1397704458833,452.82274267579334
4.379999999999995,-4.441062305158782,-0.6307024636949814,26.16385970824805,6.150922792410713,0.3194519755845082,0.0,-4.4178007321426955,-1.3219859885631922,5.396507516474466,-0.1225331408011227,0.11053809952840077,0.0,465.7798263792648,466.32173696751624,464.88199889312926,464.9066802623936
4.439999999999993,-4.71241112901805,-0.7124304898606706,26.487930284042797,6.1492028969041,0.32733997308876184,0.0,-4.627812065995241,-1.4023552129963222,5.404946986634161,-0.09770903339007854,0.09700344593609854,0.0,462.3829662869237,461.32461806265735,460.52180425048414,462.4705219735384
4.499999999999992,-4.996135291593246,-0.7988572914664847,26.811315904031037,6.145945984423838,0.33314912300263,0.0,-4.830181417497253,-1.4787297666259693,5.37395725849329,-0.11663304488661982,0.09614143613626709,0.0,450.5845732246729,450.52271266309367,451.49936336337197,449.96030644064405
4.559999999999991,-5.2919061397751985,-0.8898285222983977,27.132137737878132,6.143186515158302,0.3392838567190184,0.0,-5.029425437271396,-1.5538314789333745,5.31958212158652,-0.09524917504321384,0.08820355267252855,0.0,445.3762996478491,444.7338172807576,442.507214056294,444.2538559460238
4.6199999999999894,-5.60025958034122,-0.9855410692853854,27.451012270697134,6.140460593512653,0.346697843727819,0.0,-5.249626071061853,-1.636736390269328,5.308680430289566,-0.07747278323440394,0.10300465883186713,0.0,459.45660704764157,460.6358816924717,459.0837523168033,460.48606229185634
4.679999999999988,-5.921792453495115,-1.086196620604289,27.768629853954334,6.136442624891874,0.3529121516134044,0.0,-5.468687290559496,-1.718689357106669,5.277795234517436,-0.08745331584363569,0.09945348617279215,0.0,455.18312829046056,454.90749614566073,455.9483702152286,455.1449958567108
4.739999999999987,-6.25672342185824,-1.1918779404503794,28.084616770679965,6.132091882017711,0.35922722320021183,0.0,-5.6962269264562115,-1.8042930477934307,5.254211800005576,-0.07821276957940022,0.09168134731547793,0.0,459.8226946559025,459.2141074780655,459.08360128408776,459.81083972202566
4.799999999999986,-6.604277360604198,-1.3022895044384646,28.396015606391686,6.127827691183057,0.3663489218264324,0.0,-5.889634048342714,-1.8763719633083842,5.125489798217135,-0.08668446654732685,0.10447857642379313,0.0,424.779100475194,425.88373681903045,425.878546653089,425.1474689564557
4.859999999999984,-6.964375321131124,-1.4173963522967394,28.7016057227506,6.122614680710377,0.3808489900797367,0.0,-6.114708046571842,-1.960787334436972,5.059726536687162,-0.08779439579153257,0.1347294429772891,0.0,446.5064679782021,448.97992381284314,449.0702725401717,448.9740218162525
4.919999999999983,-7.337744750617088,-1.5374192941904432,29.00193180451712,6.127102626444566,0.3920381255273693,0.0,-6.331881489418955,-2.0396376004061296,4.950570994573896,-0.0547587184709608,0.15286982062074725,0.0,434.4572572953346,435.9949027194186,434.8961072969925,437.6503684820834
4.979999999999982,-7.726905317420366,-1.6630734397196574,29.301644246294586,6.124466861360148,0.4069680001946132,0.0,-6.6411790446092365,-2.148767385311017,5.037405320384115,-0.04704768740921136,0.12535606992459553,0.0,503.3720108244934,501.3932830751057,501.1096284130704,501.66855336996264
5.0399999999999805,-8.132694983919471,-1.7944506636257425,29.60126841099169,6.136041699443396,0.41758422593946687,0.0,-6.886044090497112,-2.2295979651576032,4.949353068919657,-0.006664630027836361,0.14346389062981188,0.0,450.04721862760647,451.526504583963,446.9390254146137,450.21874424878445
